138338428
133810209
123555973
125292537
126737402
133597367
134525602
140625853
140504574
136243326
139073514
139043719
140118364
139043481
127804765
138645778
127073960
123617289
132283854
124139831
125814669
126693135
126994104
134218477
134231594
134290427
130738617
134593040
135908971
130240776
130942720
129498273
134698949
135627000
137181143
137120502
138424102
137366334
131584818
135885862
135053268
129211687
129486327
130834046
128656684
128532374
133124314
133731482
133840414
135970460
138065535
123535010
134260043
135387912
125754672
128419733
123815702
136924709
135895772
131749927
136465030
134954293
128976295
128663118
135102259
139110528
132094031
137360416
137192689
137756129
136064767
135852415
130791026
135778712
125934031
126027829
124849004
136716611
135023817
135043851
124691368
138643205
126748589
127565801
128612736
122598945
138470852
127452146
139220605
138995966
125062127
128143309
126499468
130146214
130241737
131927759
131877337
135824261
135773434
134495500
138385823
125724468
130821974
128202505
136477411
133563087
133595324
132750165
133306583
126743038
131775321
128925581
123855275
134183863
130916449
131852751
131776196
131650004
131607906
131501137
130890579
130838112
138551455
129693615
129586690
133842328
133981425
133994587
133103570
134525723
134445556
138913966
138927446
134210947
136539636
128862599
134045663
133370055
133401151
136411727
138994735
126144470
124804240
126996350
122390329
134446723
135528112
134532048
138555242
129057657
132372905
133528974
133555513
128095551
125887023
136902473
131038476
135025717
135698339
136574521
136111696
129893561
137585461
136658072
124932536
125400431
127130196
125087527
129227108
129202906
125677686
134834729
133410510
133517008
133748174
135748566
133539889
132736439
136548060
136283092
135798841
127788518
131036913
130694229
125304991
123539269
127753111
132990822
137018673
135729164
130573922
131632194
130705012
130403767
129953682
130390740
133728668
133313364
133634532
138959713
132391240
123858570
124078407
130399545
131016696
130750452
123964878
123106235
127857288
123678359
127472516
126752654
124913939
124616425
129052290
123771677
128485625
127907362
125313634
140589955
140568447
140662854
140618796
140556002
140553356
140573295
140616193
140630868
140543902
140490852
140570587
140485359
140563791
140665975
140032480
140577496
140584702
140545883
140619935
139996434
140514644
140609939
140594958
140447333
140591604
140584344
140520761
140591650
140569755
140615974
140542994
140511276
140552504
140525585
140606607
140568086
140594588
140483148
140480615
140590435
140646316
140571886
140682553
140630528
140640735
140568335
140609955
140511600
140353068
140485203
140613665
140545742
140590077
140515470
140606022
140489166
140609976
140475939
140590428
140559734
140602275
140571383
140613642
140552386
140593328
140565934
140509286
140467839
140560244
140583122
140360288
140512331
140573540
140509097
140501181
140565805
140593354
140590976
140534491
140524535
140630642
140573122
140594886
140571704
140641003
140560829
140603797
140601875
140600403
140529124
140593033
140142583
140550467
140544326
140524007
140596622
140649932
140511097
140627481
140589759
140536594
140602521
140565246
140550137
140520777
140508116
140590113
140535629
140338173
140564013
140595365
140534377
140589442
140635753
140407681
140582374
140573145
139774663
140448853
140625284
140577379
140567821
140442192
140549523
140603665
140592332
140588146
140601406
140496741
140404063
140573321
140561889
140602199
140529506
140601829
140598504
140526075
140589851
140597348
140425047
140523826
140588111
140477951
140591250
140652468
140528822
140586016
140598386
140585845
140554369
140591683
140519934
140582759
140602007
140582980
140542269
140572838
140569715
140487582
140585131
140389438
140593662
140515577
140618856
140574387
140561774
140535692
140584884
140571502
140480226
140580362
140581696
140537430
140332495
140514709
140557506
140568679
140508034
140535868
140571290
140593168
140560881
140574584
140496601
140559063
140520742
140424994
140544380
140613506
140569742
140630461
140590990
140461159
140641313
140583030
140557576
140477403
140623337
140578217
140572574
140487655
140683636
140624014
140591801
140582230
140462089
140565846
140456509
140563162
140528895
140625155
140583439
140537057
140643486
140601684
140651800
140542292
140591383
140582487
140449069
140490784
140420501
140584446
140360266
140535201
140589979
140560351
140635269
140453716
140570782
140468339
140485041
140557283
140482063
140590466
140595758
140577707
140582115
140472108
140520661
140529638
140672855
140569841
140589705
140555124
140499285
140532472
140613721
140593898
140508088
140682796
140584644
140594130
140487537
140467483
140552934
140468020
140507556
140572031
137664242
139104951
136988744
138969369
139047795
138935933
137620432
137922725
140433460
138636862
135517581
138367273
138661160
138997122
137501993
122666014
127793159
124927591
127861505
126585522
127984880
126589741
127464286
127370517
124332954
124101105
128235249
126993652
126866984
132833043
133647641
138257738
134019238
132872213
132977057
135423758
127269696
127274380
127360026
125124494
135386473
135174842
134500830
134379306
129717363
130637470
137650253
139176013
139133881
136881598
131302450
130324575
130185198
136527496
136068342
124399773
126506335
123359823
123084074
126992959
129748994
137273071
137152158
129559959
131494996
129844952
129476852
130749475
129923079
131216952
132763631
134922520
124353968
128001649
124275704
136467696
139163112
132409675
125116252
126878098
124935926
135292177
132396400
135339651
134477799
135532343
135297998
134520108
125594614
128276927
122705100
124279829
122927239
130769990
136110528
136220612
126162829
129569353
131280485
136058196
136509869
135727978
135838331
135568715
128914420
128815807
131699161
131969935
134805312
129977690
136675663
128913821
121998974
122240493
135226136
136852951
137398342
132968751
137817655
137321950
137548904
140816889
139171410
135914654
137393563
135871147
130727083
132837483
125999924
125937847
127037535
125217966
127658302
138483159
138431262
128318106
126153493
124984466
126265075
133193307
127494343
126744597
124439278
128498982
126700105
133551620
132326101
124728828
128480659
126341015
126645315
124670664
123063128
126582301
126869759
125769939
125330668
125399265
124756663
129043952
122153416
135896255
136089068
131481179
123739005
135800202
123768930
124270662
124598712
123351817
127500958
123837272
139189157
139169723
125764946
123848932
125835391
123797164
123834404
131663904
131560770
130172133
135711999
135489118
130218279
129909773
134501962
136347593
126568575
135432914
139782042
138415832
138388191
138268633
127914804
124384828
126267708
124653779
123685006
125773079
136511778
132511359
132604885
132509809
133536680
132553468
134116513
132693938
133466523
125313726
123208827
125692197
127182866
129622765
137403537
137271249
125086289
138095771
131856325
130043903
131280420
122092036
128983527
129332758
129355039
131461665
138182365
138055321
129512667
133183800
131165944
129215172
131193332
129474510
131320181
131161335
132092026
131990568
132387350
133814351
133906249
133870651
133752169
133837805
132857303
134577350
135790918
138793970
138790727
129545899
138065766
122341394
134797042
127120704
124884084
129728259
133022836
132345488
132227791
132129417
137905462
140384583
138024206
122550678
122312404
125035113
124224911
126127725
138427455
134474289
134813021
134413573
134488101
134490711
135344754
135029648
134451508
138448056
138483149
123786583
138794042
132597095
131211787
132349288
132604154
133545644
132598413
133177302
125946922
127233810
125723626
123825956
135012858
134689112
136294868
136302344
136251050
136784116
136953908
136446131
138907510
129382452
122645685
131298466
131316878
131612108
129877379
131314407
129831506
122642922
122272252
122567089
122450666
129824689
131880992
130355279
131848148
136607612
136511111
127276605
124918913
124932640
123942780
127512662
126096768
125404969
128801173
132722891
133352728
135587987
132040222
136789944
131144210
124795649
127769679
129504266
125946196
129642934
134660749
134283898
124145117
124806462
127405757
127509968
131485346
131173133
130355112
131689350
131692487
131099273
131147149
131692455
131376796
131161691
131112961
129353378
131677535
131244770
133600610
133162667
126585308
123580177
123612943
135021964
134819637
133871994
126160220
124004717
125561895
126584806
123952120
123975914
125569165
130502312
128600206
134759534
124722719
126749362
122998450
122233280
122585858
127276956
122332854
123852885
126708302
125416222
128236262
123813288
128275489
126817919
130186995
130304500
128484073
123778758
123265915
127631208
125405155
127083529
123131046
128463133
127169086
125326127
128198753
126071571
127837152
128489727
125354515
123873624
123778733
123911150
123986209
123919757
128081097
123786042
125241884
131809368
130377219
137398233
123525214
128003212
127840511
126568504
140462649
140435578
140425662
140511739
140441368
140381985
140471461
140380681
140458030
140510387
140444260
140605941
140518440
140490817
140267571
140479489
140545617
140441558
140479235
140320158
140473996
140461648
140207130
140524114
140380475
140524566
140466692
140545296
140464823
140453468
140546198
140421259
140491037
140480211
140531753
140511624
140418740
140487199
140454688
140468590
140506125
140161158
140486461
140463794
140519361
140550919
140475997
140393701
140460115
140486033
140519545
140486040
140470963
140498204
139982843
140525371
140539860
140540267
140246144
140451435
140269066
140346694
140519179
140437131
140407365
140461680
140545959
140449219
140155285
140472938
140536858
140546136
140485088
140511845
140614467
140482040
140540108
140463643
140423262
140511763
140480199
140444185
140497916
140476532
140376015
140524634
140446189
140513110
140364811
140500577
140468152
140470163
140464370
140596049
140523127
140481630
140520717
140547684
140448582
140496878
140510122
140515044
140463849
140491390
140407747
140498947
140465268
140396866
140524779
140513011
140620381
140531660
140551908
140479248
140422849
140225729
140615257
140509052
140467279
140517790
140527367
140530110
140445551
140466546
140544362
140462234
140423085
140470041
140491500
140464249
140536792
140497173
140439414
140470689
140472387
140380536
140315212
140448239
140551826
140442900
140620577
140512039
140468552
140459934
140463950
140504527
140404888
140435479
140513012
140596728
140402840
140472925
140469877
140380152
140586999
140469047
140441943
140418095
140154544
140129251
140479460
140532351
140462514
140479286
140485001
140464739
140498346
140176815
140546253
140461840
140530965
140365038
140509027
140466935
140487630
140516889
140518439
140532186
140572606
140439862
140469247
140483752
140396664
140536701
140452836
140437097
140448901
140471350
140477490
140612405
140469833
140399939
140523342
140473837
140509579
140476276
140486477
140443925
140494229
140468564
140437262
140463670
140509966
140513461
140532249
140482178
140483590
140266777
140510154
140587375
140469789
140393551
140525316
140457680
140421344
140511615
140466159
140541322
140485920
140344080
140477259
140525491
140485923
140418115
140221378
140421496
140482146
140504005
140438841
140489830
140394989
140529809
140519518
140504312
140528910
140466185
132134435
135955268
136214610
136068156
137023172
138395390
137785615
137565070
136657919
138637670
137591580
137168590
137398311
137049074
135940678
138963004
137994234
138163419
133647608
138881662
138486944
137604652
138531754
138487455
137904696
138490577
137426753
136281481
137567076
136495134
138212565
138367393
135961185
137975548
137302563
125326284
121895243
134778674
127780258
122776245
128231622
126815408
123756980
124118189
127201009
124002870
124094386
125721325
124079258
126746249
126768097
126862045
131007402
132471320
132738032
133723394
132847148
133659624
132644001
132735901
138245742
127113492
133271329
135297265
134871481
134858822
124912926
125002521
127217246
128487776
134962154
134722133
135416326
135050368
134964490
134802839
129674114
131243484
129743274
137157627
137973903
122167251
135821360
136890446
135628932
136348997
135420606
132739605
129210893
129927236
128897286
130304278
128727776
135691658
132950767
133656398
133052767
133665254
135700387
125354019
127382223
124288124
124352502
126061475
127766925
132005671
130687455
130418515
137398668
136975371
130506355
129223909
135957332
123835322
129809045
130452665
126392608
128009103
129826490
131579048
129581383
128546991
132940679
131198784
129858625
131220198
128676429
128781297
139041427
127139550
133986331
134080147
132636967
134058905
136286602
135072731
134363024
134347067
135825647
126058666
127934777
126231257
126182765
136370409
135778060
135780105
124971112
132542266
135089848
132738808
134994242
135444527
128032866
128310677
122784269
128257221
125657838
128305657
128132811
127138432
122917699
122929529
126089899
131010351
129597373
136810244
129402300
129473760
129447396
136027527
136090711
138080090
128631259
136846117
135592697
136312332
129523758
131365816
134767816
134706140
128804865
128681603
131286305
133831510
132587225
134535317
136736470
135539786
137472297
137368172
137365449
137921516
128680871
137608550
138840131
137833946
139251508
136377539
137290286
130464505
135716815
125973129
127666707
128689956
127630198
125985437
127687765
138167412
126569542
138376446
122146545
123117349
121943132
135278896
135297882
135301766
124598827
127280159
123064023
128308479
128272205
137191433
132898056
134651981
124173193
131733979
124383952
128457258
124546529
132551328
126325244
125141379
127030782
126453433
132952698
128052644
125273039
126388004
126984295
123159075
123267047
126159992
128176494
130192504
121801878
135772773
135722244
135620595
138243163
138067012
131523620
130778401
136008361
128630315
125914083
126355081
126748337
124230984
127232877
122843848
123767513
123575543
127693381
128994718
128633848
129671146
129827668
128813663
130045870
131762091
130072430
136012476
136154865
136043188
126755990
123599624
134391860
135362991
134702084
125575535
126873644
124550606
123649932
126205543
136127669
123187758
132487291
132126352
132093244
126732366
127877414
126203509
126086097
131527864
128813736
128946475
129851957
128905915
131301835
122116296
122056358
137256791
125307189
131961215
122734786
133514942
138856637
137298135
129159911
130565748
121882493
131473756
129798563
129263113
132936291
129265138
137791820
121832091
138422072
133414027
133038708
129651860
129557113
130583434
129499228
130449821
130837334
133239703
132775323
134365281
133436487
133837827
122149231
121783351
135621324
134118002
127849190
132389635
133195947
132921319
132248376
136530960
138379683
124397649
122561887
122559600
125775255
123738331
125853288
137312471
136980788
135410522
122340159
134358119
134945661
134983089
139412900
138121934
127730884
132217103
132057494
132371781
130825154
133059308
132663206
132168936
127509504
126363441
127221768
125399032
136189130
135999165
129913593
135020275
135777755
135721190
136366329
136150050
136361004
123084831
136362946
136666982
136088780
129228266
125607484
131913902
129807209
129704696
131823344
134543224
129823654
134450136
135152367
134432943
122209684
122182030
122428150
122582002
122385177
129260013
131714629
130156074
131762281
131474678
121958304
136438106
136440231
123240266
128378229
126583510
128618881
129052193
133000816
135353137
134669657
132598713
132818971
132038172
135642886
135639756
137656116
125164182
123865891
124548418
127113298
130193315
126808632
124269084
123470137
127701349
132228282
123144401
136188359
122449832
131493907
130907829
128837086
130401072
130464441
133370810
121767473
134785751
122606075
130361438
138297247
139757306
133719127
123942027
126941884
129330225
126996609
128280823
123944479
127470042
128399819
123823488
127024181
130295937
128897223
131621782
134779046
122554241
122389583
133248559
133219566
133452937
122233955
126610228
122340456
122286359
127530085
127466562
126166960
126586711
127028746
126956207
122428084
131679153
128976775
125272684
130611744
131726397
129808989
127732926
127975854
126157736
126113546
127217429
124051433
127232143
131895787
127711832
126248195
127315100
123701016
138656833
123731455
124840135
123816467
126162211
123641713
126746982
130472120
123592846
125157650
127658282
126410485
123590176
123504010
123590151
126558423
125144115
140397133
140147346
140406102
140431948
140407499
140396621
140315208
140382998
140387561
140246290
140536853
140371031
140396966
140410103
140394192
140365010
140399192
140399023
140445740
140425976
140393133
140403848
140396789
140257749
140147324
140396876
140358322
140267958
140406291
140429117
140157002
140421223
140387324
140401318
140384954
140418525
140268341
140445296
140393609
140421328
140402618
140362311
140418455
140029572
140467183
140404837
140246314
140536824
140384997
140407455
140261749
140422778
140423384
140432514
140351522
140414236
140410592
140360766
140297602
140418470
139985323
140356125
140435406
140413624
140371002
140184262
140111631
140440355
140022488
140398394
140340981
140015938
140376453
140428519
140329473
140406502
140401426
140459840
140013308
140454681
140410235
140147286
140416157
140383287
140424924
140424837
140384261
140439401
140268124
140393632
140398925
140183468
140354165
140400283
140403336
140406999
140407728
140419876
140297616
140365348
140432144
140404640
140337057
140362915
140398865
140445431
140355742
140385236
140370644
140536863
140444677
140385577
140352846
140399488
140402030
140370408
140443217
140399065
140454628
140221453
140401665
140357859
140431976
140449569
140414035
140387992
140437784
140406548
140316598
140095665
140366694
140153884
140413356
140394241
140385867
140421932
140359596
140383861
140472896
140469606
140416085
140383230
140298016
140149556
140515369
140388877
140400996
140419220
140467610
140362451
140147277
140379987
140349616
140152982
140405011
140332473
140366429
140416548
140396392
140408383
140303203
140399425
140370483
140391981
140252024
140153930
140449836
140316608
140395043
140414782
140398287
140459172
140329425
140383976
140137450
140407227
140426089
140345245
140404751
140420749
140447035
140377261
140452214
140449817
140384310
140453637
140385710
140414225
140346481
140407278
140415542
140156936
140201312
140330870
140445163
140402198
140399795
140454714
140111842
140472408
140401071
140153739
140209082
140396464
140284138
140515580
139746338
140414130
140401656
140398790
140451137
140334162
140410703
140399758
140410524
140384412
140380265
140380582
140431845
140327262
140402404
140383112
140391415
140403255
140381877
140453619
140448307
140345076
140281198
140362041
140467046
140398534
140396595
140246021
140401594
140388787
140438261
139979677
138926576
135250701
138339441
138929046
138932489
138947018
138355555
139041142
138925957
138754186
138924621
140586517
137782186
138905105
138799293
138376224
137522690
138957375
138949698
138947244
134662092
133374088
135238650
137928448
138932637
138931837
138381267
137075765
137929273
139697790
138250377
138904575
137880044
138377925
138367372
132333043
137977770
138932455
137436993
136670244
133428500
135095530
134960344
127557003
137119711
128562952
134852266
128504031
126055017
123632269
127169333
129916663
137284715
138103221
134611437
126458757
123579460
129077991
121861762
134804523
137173452
128790087
126254630
134614523
129528394
130841551
132136101
137770519
137829709
137156180
126179300
135399429
128394033
129857476
125710943
138059283
122356584
135360650
136063613
132901322
127755583
132110762
130204075
134511225
123714685
124726300
123607627
126286864
131373937
132222871
137377496
123223455
132832138
130155722
136289677
126209041
136638901
122237957
127773594
137941972
133127577
127000723
135015943
135350041
122199005
125132030
136697128
130301753
131418348
134709543
137949252
139379938
131772207
128995163
132322479
126217400
134419178
126409025
133710920
138643516
136059499
129436234
136079833
135024360
126144910
125099337
129099882
137323294
128062237
123636507
129434681
128687273
122349717
131769355
137836315
126933748
133112176
123583300
133388023
133732620
134644490
132605530
128644120
132446793
129040717
135558844
134755506
134661515
131009989
133842400
138066237
129999369
126081064
133458307
126760279
133719650
122549745
134359091
127670992
125566628
126586394
131469536
123615838
132367678
137335668
121982638
136681108
124210450
130469267
137565004
135854627
131118127
123942169
125594433
133172432
124822982
128051703
127719402
130540038
134918549
124588266
133316285
137211077
127365360
135441139
133078099
131581119
123712815
123863653
137398154
135387268
123518207
134431903
129506762
134783582
136729225
129447503
132988062
124050382
131076011
125002310
128733345
131576941
123678618
131906057
129628783
137116836
127760007
138463107
123825078
138737446
136008420
134456562
128494359
132417461
128063230
137968985
131476774
138645604
133184194
135257600
123531806
132066558
130645491
135428482
131350468
129909787
131498618
134528491
129481363
137938297
135273032
123679239
136004785
123541960
122848398
128405790
138033790
126571332
129011867
125340878
133763733
127917834
134809802
137973554
134605951
130618426
130781902
133581463
122848426
137241983
133079558
131509000
128838821
129078904
124936301
129676324
130488997
126501555
135098229
128535280
131492407
136672272
122414442
129921181
125396251
135309842
129650931
134554325
131087757
133462660
125530686
130303124
135138919
127074471
131143887
130002447
138715971
135311989
130747916
126111467
135247724
137904806
135389435
130679392
137150543
130696564
126730606
125716754
131362779
126490774
134777919
125482344
138522949
131489332
136002543
130400516
134883641
130802107
122831683
137250665
123248801
128738033
129880594
125309692
128308754
137215840
131139058
125675225
134860359
137095771
131508263
130469357
128074575
131231062
130350738
132036434
133409292
124549473
136934127
134784596
128184442
129999863
136341997
126815699
127962130
130086725
135642243
123278481
136918996
135152404
131180496
129135407
122028659
131158615
136684453
127885306
122319479
133935204
133732484
127573161
130939363
129291714
133665367
132248153
135399794
137264354
135329716
125300867
137582184
128827862
130813009
131280799
134020892
130207396
123128946
130917133
125931118
128772362
135261835
127223214
130172007
124756591
135191922
133145052
127473778
134770619
127183365
133355711
128869598
130252031
129573485
130329788
129279487
122295190
131526678
133465581
125374019
131569117
127217551
129664532
131113017
125276541
137949641
135089190
123688888
134862908
130203912
137158727
122969464
135178723
131210232
123632351
131562127
129526204
131878116
123192253
134508249
135130951
135985279
131374576
128799724
126267867
125188040
128281536
138128972
135497066
129534181
131667535
126277880
137390735
130144891
132318691
138175352
134800857
122319710
134891699
125138793
126235204
131510343
130403779
129300181
130615034
135095413
134336748
129240089
126744646
134764906
123525420
135890073
124940649
124841892
128531522
128056697
134308878
128816485
126939639
137951883
128688950
131522525
129980577
128751843
135401786
135037052
134839756
129935801
138202474
130379953
133200310
129477300
136994372
132359633
127478751
124754632
136443245
137922290
127025070
135274284
130933402
134311836
137174011
126632344
129354260
129781116
132169929
130568983
130213408
130015397
123744378
131138917
135331764
128720086
127280922
135663483
128831074
135885634
130845982
138100763
127180721
129392839
136073991
126250830
134913929
134508260
135430020
136991994
131497693
128177120
133460301
128836989
136128533
133215098
132264351
130867795
133552636
129990644
129025827
134242579
125916741
127164819
135721216
126045552
131493752
137151684
130168986
131609921
129644925
131290263
132392926
134517299
122786705
123876677
133620989
123630167
137590141
137232033
136333395
123190916
130362779
137912848
131494785
128069248
126012587
129587145
128683638
134764864
129202784
130653066
133339324
134708485
132424972
123603864
129944839
124098421
132469318
132069769
135895707
127160151
137182481
134357700
136081820
127059430
135359941
130239595
127118610
122209936
135717412
125639092
135604612
133408675
129575086
126810504
133513728
131268122
131936246
137644091
130486559
131503074
131596296
135245428
127846326
135151264
137137235
127526714
133985433
134574867
133527603
125875354
135402680
136636837
135186045
126405197
128392175
130158506
133068467
134682232
126203459
136867172
130764381
125915288
137178589
134984517
135436897
134806789
135417572
138545443
131291150
132650489
129228025
133128142
129060522
122368478
132494856
126537101
138223731
131552766
135490036
131546333
131245279
129343495
132994617
132358820
136554984
130588865
133220513
130131428
133648639
128890086
128605048
130695123
131993856
135952639
137949203
131905727
135538270
127938516
130221747
137157113
129066771
135696670
123932570
134810957
136998701
134052834
127687408
136364805
131242655
129065191
127769533
125985523
126270833
137799925
126360820
135716375
136689911
124777609
133714722
129269381
130110972
130167796
134674494
129970839
132176733
135320145
134502830
134776749
132890969
132424880
125543222
127499435
129799426
131474013
134994229
133556452
135298013
126220105
132289119
134828398
136315293
135181508
132857761
126069697
132282189
137910592
136168430
136359518
135565343
129934329
133785362
130775372
138481986
127171142
132258238
127226651
135388840
134495574
125061184
134302206
127605525
131479906
124154618
132433495
134774756
128575520
138209753
134772271
123830358
135103230
133728225
126427098
135111506
124231944
135305251
125572466
137858237
132418256
135334915
130572137
131566293
135942494
131604049
137110528
136341221
129852812
138433702
131395922
133532149
125340210
132043173
130154021
134288498
131220627
135966262
133405377
126745669
130443020
130442325
129467262
137955249
129421221
126167475
135294131
128696116
130135181
122292410
136655426
137582672
134066093
136456800
128746068
136628102
137881436
131593723
136958693
132967966
129476763
131515818
132675220
136476116
131510154
126992126
127194191
123582589
133919746
127144065
131482678
128983573
135008339
130442355
130380278
133719038
131167975
129557013
127214353
130213081
133485336
136074332
126240317
137249457
132673870
138188876
134912762
130772981
124160659
131181012
132940668
131697076
126998284
126941997
128856513
135665657
125983388
135018629
135763709
138053934
137986470
137955469
138130914
128688808
133094120
127469604
135187516
138045227
131374975
125167524
127659829
137983902
122266256
135241026
137892604
126217836
126409587
125853056
134293379
130148658
137846633
135368096
135389503
124441420
135698517
131770509
123981982
138498730
136725932
129946864
127670788
132007902
124584110
122389561
130704509
135270285
130491782
135303786
136991010
136789005
125575520
133957078
131851059
137031334
124687631
134894371
126430651
132071076
135562954
131510980
136740295
123651508
137117010
123825156
125109219
126001783
128384456
125153756
135959336
133668782
136363257
132282519
122855025
132495980
133784023
123424189
136020552
133111381
131119886
133744620
130632508
135895922
129270083
137265683
128777262
133798401
124696145
131489520
124111792
127622082
134089964
136725765
134725832
137895454
133128098
131699066
133370138
127624535
134561726
130166286
133177533
131034336
127183343
127096774
132606154
130322358
128727495
133138723
126068805
135772836
130110818
125832208
132776835
135327667
131248692
135551736
130404917
131783348
129948761
127178814
127323874
122095606
135956995
127682565
137069043
132576309
135784518
134641329
130538325
124105097
127543179
123132804
129607522
123531494
127542188
126377523
137874208
125788552
137909173
132519236
123951807
136846024
124469627
133359996
127077291
131403083
133387977
131770647
136373960
126033096
131430293
133984403
135282072
127622187
129104122
126218224
134581388
130196628
134150832
127188164
124198374
128176173
135372666
134526926
134369238
123857961
122974439
129064241
138887790
130192980
130550023
138120818
137265722
131963637
135323105
134843375
134033497
129521224
130295777
122156198
122751738
130233037
128960381
133971806
125808255
138198007
131471214
123364647
128561269
138148349
131296581
131093236
135340760
136636852
140383174
140350636
140315753
140050294
140337986
139738820
140369509
140356113
140085289
140350582
140373739
140110879
140370689
140333928
140333854
140386708
140334010
140319572
140305155
140365404
139928187
140240586
140254669
140263693
140382823
140258725
140345479
140345318
140312417
140343951
140382844
140235808
140399352
140337966
140256128
140338856
140266486
140445619
140380426
140276672
140258929
140367338
140350621
140228106
140129293
140314071
140315717
140360404
140284155
140348121
140346764
140310583
140386023
140341062
140337583
140343613
140234716
140359959
140336579
140312213
140097944
140366982
140109144
140336850
140263002
140273370
140363742
140436350
140345633
140183279
140332797
140337995
140354789
140269471
140392719
140388807
140341093
140384159
140345618
140346387
140333334
140333713
140301745
140190143
140350826
140256060
140333810
140283056
140386285
140333733
140327236
140338825
140341020
140331733
140333722
140259113
140310445
140358545
140298656
140334524
140333749
140329140
140370664
140329525
140388461
140050876
140341879
140348025
140386020
140336839
138483103
135834974
134211702
138471824
138829206
137904593
138315141
138286394
137918253
138783224
138804165
138804144
134541924
137049653
138343209
138329957
138764990
137322836
138861165
138718605
138831997
137812598
138824464
138798735
138343163
138757527
138813670
138871631
138369891
136226271
138872554
137167491
138843399
138805296
138332601
140294600
140208179
140255908
140262241
140337674
140209553
140266078
140291230
140269350
140237012
140302944
140273565
140219463
140306463
140296744
140166001
140302848
140306907
140262875
140304582
140364009
140269417
140299169
140188335
140306800
140225901
140276820
140268378
140250060
140284547
140261505
140250270
140268002
140311238
140267654
140363990
140209579
140384354
140269677
140242582
140266010
140287263
140248743
140284440
140337764
140303512
140218819
140270698
140251607
140305067
140249956
140210370
140328007
140267860
140204108
140240552
140208319
140262977
140255755
140276853
140262390
140311201
140220795
140273442
140219445
140276868
140167122
140261268
140222289
140270652
140369379
140302808
140221067
140369792
140297150
140219952
136864024
137057798
138720983
136559858
138805962
138389260
136010327
138724657
138729977
132276959
135360369
133491584
138873047
137879508
134699090
136633859
136084364
138793082
138476141
134493166
138805446
138766319
138303632
138166326
134532672
136532948
133943809
136991309
138942518
138260595
137230728
139931293
138927376
138770875
135636510
138753232
138264650
135889793
134701505
138723388
136515879
134876409
138801359
135342128
138166515
139743622
138230356
135118879
133467157
138586065
140230282
138291176
134701123
138216677
138368285
138102970
138273569
138245510
137194342
132800546
138798960
134903924
130812644
138753049
138901789
137843229
136880840
135668161
138730460
136552767
135402718
135321601
138689683
136669955
134682730
138297109
137439541
135873018
137262658
135698391
137413196
132896244
131975301
127548987
121796298
127559519
138530154
138904201
131439867
134326757
126227800
135004143
135254977
132008031
132986227
123723570
125443811
128143657
125477567
126748403
124568340
133520466
132691774
132273626
133898126
132595725
124933528
129065337
124218355
133635406
132452356
135150867
135102354
134050737
133543299
124790415
129834151
130863140
130191918
135748764
137083495
136526022
136525965
135786493
129243947
128393330
130326068
129545935
137156316
138981041
139001129
135635503
137132558
135635031
136341249
133951497
131173416
128946490
129474044
129052224
129365950
133956035
130539775
129548568
130406286
129048718
130295979
129291046
132107744
135908449
136288742
127861314
123246898
131797268
130380001
129265185
130686063
131607649
129339928
130220702
130370086
129223947
130466415
129054808
129265788
131356848
128388433
135765358
136467173
135793368
128349378
131222440
131654980
128983535
130763032
123630274
131387982
130466017
130456654
129810294
129757485
131388136
129775278
129661400
134602394
133604720
135375572
134448376
134870105
134248750
134183394
134306657
122643846
125923840
124089059
126120561
136720544
138517164
138008024
124721813
126741713
127456837
124563859
133532142
133360335
133106284
135317686
134257119
127993497
125350972
132386919
138458500
125820026
130315692
131449729
137662541
136476255
135787397
136228429
127005355
129229233
128889987
129351737
134669486
129122034
135975317
135981321
136138260
135999935
136605600
133346139
129464258
136642021
129757508
128965033
129938259
129772062
131243458
129383107
129111181
123343270
132989770
132958377
131914721
136635191
138956183
139922373
137889245
137212614
137123822
137526818
136802972
135971718
127808020
138901825
136640663
135638001
137163560
136951801
130570278
135900401
136250494
135954625
129062839
127479860
126414592
127468852
125605691
127495306
125605499
127464763
124384973
125810140
121943198
127002439
124482039
122618148
127137450
124446119
124087528
134666830
133999406
132869211
132187090
134738915
128208232
128052258
124283014
128170840
133937683
138615508
127125914
123646965
126748318
128628933
126690838
125883223
127180476
125641234
129903155
130567303
121899287
132444074
137884606
128748111
130518886
125930008
125635455
123539063
126590191
124747648
127688802
126123552
138984926
127571664
131476693
126369094
123561382
127345858
130184011
129578371
128900815
134031708
129481415
130957380
129649075
135452033
135335450
136446190
136719542
135894548
128422695
131407690
127894065
134079364
125155018
127711663
126304532
135744306
124433710
135930224
126952734
123086524
132327431
132278406
132311077
131983351
134669520
128322933
123458258
126594142
126879593
128790255
128625722
130559533
129968861
129568738
126066323
137796009
138853203
134296219
124412016
137196348
135105521
134867620
134173113
129119796
131366705
128923474
130762031
122242690
131236276
136674686
129947865
129066652
137080578
134051480
133779130
133939465
132003058
133325632
131779845
130946738
131023869
130018447
128323881
131140659
130058118
131138778
133655230
131138863
132668574
132690228
133258181
133849905
133562387
133551605
132648219
134171631
134109166
134367563
134206897
136028090
137813037
139104222
121942801
134302971
126377889
130912813
127130055
125651588
130099331
132970092
131994710
132965326
132002523
133992483
137394288
136147663
136695598
137391401
139353813
137398317
126605149
127018506
137793066
130840931
136796698
122061593
134650237
131552255
135267979
135104002
134410676
134370980
135152589
127878719
121579071
137975673
130607487
134445431
133388190
129693673
130411513
132819981
132834451
132076708
133784996
126857094
126424784
123633800
126228065
136671658
135989883
132908364
135907885
134692545
134332933
135584391
136597854
136662784
136071187
135972213
138617426
132782532
133532700
132799268
132737247
130146159
129496144
129495747
131820418
134511098
137788877
122224188
122138871
129402071
131154373
130083625
131710608
130221211
131685038
130050114
130033569
127129177
128262552
126013976
125900386
124991890
128390129
124059747
131804764
127120953
131142061
130631354
129467098
128583601
131718622
128828015
130713255
129427877
126775505
135318264
134686937
132119234
133198213
135899511
136413241
136023658
134416521
130797575
135881833
135850793
132663643
126153084
135372701
127300246
126284112
123613070
135171301
131049255
137029320
135118868
134566412
126774627
122718099
127337614
131305968
135884202
130287382
126217854
133674144
133520300
130290101
128685917
131149628
129473609
130365103
129454518
137395467
131058707
137189879
133333505
133263093
124884046
134091327
134509041
134277203
134646001
134298022
134607751
134574624
134179976
138849953
134640790
133850790
133274772
133071667
133183714
127125273
125304404
127854907
123584232
128262562
130911946
129859289
128725431
130535675
129995877
135262012
134416005
122225413
122112465
133238192
133061435
122057663
122002023
125847565
123677874
126734537
123642973
130627816
122376161
129202388
128925166
128690057
129901989
129659202
131846930
131626473
125626908
123978990
124895856
127413491
128925687
127950104
126245543
123393054
126749180
127872557
123293969
127653740
124042351
127600953
124899360
127964283
125071017
126581170
125141848
130827700
130207027
129240102
130303480
133451607
131650867
133811347
125021712
125850492
125507749
124992222
140272558
140221670
140236620
140212674
140205688
140179793
140229763
140222426
140236914
140284102
140157637
140223267
140271355
140296383
140303216
140272539
140229549
140270412
140277201
140214103
140272854
140227541
140296262
140223142
140231592
140273027
140233003
140266112
140219979
140248945
140252013
140230427
140252092
140222145
140311610
140223047
140267589
140229894
140284325
140225416
140284007
140253076
140237108
140315596
140224321
140148695
140223082
140168975
140256011
140222126
140292142
140157178
140178805
140167150
140221983
140232222
140266311
140266271
140153319
140242710
140289872
140297174
140253134
140284535
140270846
140242687
140269788
140311627
140250452
140232967
140283922
140311796
140285813
140209267
140233038
140274888
140220058
140224894
136496225
134641477
135350378
138728984
134702022
138646005
138720796
138681029
136474711
138822546
138453847
138788634
137892975
138711711
132948323
138636468
138678756
133881211
138799827
132203319
138045091
136283574
138723095
138787446
138716502
138657943
138784766
138319376
137403089
138225636
138795675
138788685
138705655
138792297
137660106
131166185
138711701
138640510
135350585
138724777
133986257
136876107
137030597
136853216
133646342
132030409
121522709
127489228
127522383
125351961
134258077
134703474
126582264
128005259
124250653
134205398
133210365
123697939
128044098
125391717
128164887
128044336
125490968
134034690
123670406
124455639
126583399
133482859
132706753
133448421
133457653
133503000
137859669
122763683
131723503
129552833
133082790
134342249
134201936
134955531
133246772
134922776
133392359
127043793
136439450
135729085
136470649
136086847
135783533
136531856
135781098
136498282
135724095
131682632
130536435
131045963
130536476
131649622
130377399
137088582
122080073
136182923
133808578
136989124
132326298
133596282
130687104
130017666
129838552
131010051
129048884
128963259
131970799
130144668
126693785
131173981
126353709
122942945
129977441
129311760
138084990
131166186
129217486
130156467
129047600
123560420
129798525
129520923
129412271
129704916
128349936
125706639
132539336
134792893
134776934
126071441
123965352
135696460
136316676
136302373
136609856
135358108
138404863
134334630
125977044
123206439
127849005
124039314
133509079
132408129
133514403
133538021
133473502
134263239
134217420
128472022
133545374
133377309
133988826
132892357
131011684
136360387
136306972
139372493
136341732
128144827
136694806
135805426
123668680
131034760
129249909
129086296
136523465
128651045
136535171
136286594
135959400
135971638
136424544
136227820
135685737
129668268
136730387
131149331
136339401
135375644
131113117
129931002
130820481
128825668
129381006
130835413
130179427
135358684
129148743
128488860
131106626
133023090
132624702
136998488
137027927
137434737
137060415
137442536
137123861
136920593
136061820
136419056
135969784
135764925
136922284
136658152
137137787
137097548
137011513
130354232
130906055
136564371
135832772
127261852
138640943
136496491
123856470
123799236
127546579
127269666
123846999
123861459
135177518
125044086
123692139
134581311
133519266
132066501
134633358
133821824
128088682
124152203
126243796
138446072
132066678
138415853
131873845
121452285
124656711
125708776
126650497
124285025
130801364
131727258
131466900
129948405
130471690
130049698
137075464
136144928
128607767
128569082
128576210
130943449
128574699
124884026
125841195
126668907
125224955
122929619
128354593
125656705
124467075
127100208
125644405
124193078
129323034
131570961
130655814
128968817
129852506
131682403
129819606
136687140
136605894
136521650
135884782
135450868
136616701
135834808
127953627
125891118
124665642
126400943
125870956
135380813
124990403
135107495
128279922
126695150
123685135
136588495
128241078
127032547
133969689
133473197
132763738
124863847
131897853
126385730
125849816
130953795
124985849
131679720
128793861
130791674
130144930
129317195
128579189
130973051
129838161
128730862
136908314
126143646
130302970
128084200
138923959
136785785
136072549
131777486
134821057
131821234
129524080
137214480
132748660
129368665
128998820
131285424
130406133
131362316
133366666
130611431
137656242
138641554
133648612
133699928
133441209
132633224
132013457
131555026
130244526
131121506
131085759
133478398
132675334
133413788
133477669
135389387
135418303
134069806
134137178
138469541
136504009
137393696
137810303
137132848
136697257
127302018
128267062
126781480
128579955
140711503
130837381
123672485
130867845
133911817
132651008
132891383
133805584
136072649
125701867
137338413
138692660
122201616
125583773
130401616
127999886
127570942
125347554
128395244
134315162
134785709
134363876
128983708
138800355
131018751
132914600
133408764
133227656
131307063
130225842
132040519
136531936
126027663
124550810
134270480
136219215
136562496
130872445
136328770
133405266
138542890
138448729
131666888
136570744
136359670
135941015
127787962
136616063
136142976
126167024
136616904
138588045
136615966
132683696
133401107
134160760
131136663
134061251
131049918
134853202
131035247
138644846
138459715
129986151
123145855
131698982
130014602
131471801
129992895
136313420
127051383
124101268
127410707
126489168
130962924
129796730
130601587
128477822
129298853
130304333
132777715
134117857
134200829
133151168
132546610
132614176
136277668
135947906
135538255
136615639
136521123
135131937
126794905
125131638
131851486
129749840
129472450
130821141
130351507
134988564
134658863
134410447
125108515
125049360
123776208
124104909
126524161
133018998
126552116
89794496
135985415
133325204
130116995
128682050
128546571
131420056
130816906
131420212
130080112
132872178
127507331
123628954
124240460
133986002
134524227
133869819
130618033
133596304
128302073
123617295
126179322
123626608
126145272
125108486
130973025
123536521
129774400
134064567
131326524
129803191
129551329
128879137
134282231
128552611
133180465
133219805
132817634
122038087
126998064
122882522
126586816
124707276
127701903
126081103
125886126
130856189
129576947
130121012
135417609
130687444
130234845
128479102
130247533
122733732
126346416
126820371
127467413
125901103
123200409
126588776
126088224
124851829
128061107
126897960
140649496
126410203
126473003
126716982
123455284
125009499
123211301
131688413
129067318
132463777
127067833
127349105
124825053
140139434
140145052
140115291
140206284
140180514
140231890
140178608
140099735
140130427
140263514
140206275
140091780
140156708
140214433
140215402
139998490
140234385
140165093
140207470
140271921
140080445
139861987
140126804
140208176
140143655
140246041
140213645
140195411
140214083
140267612
140172570
140211731
140215883
140175304
140219124
140163865
140228808
140186265
140212592
140205890
140241707
140181384
140210897
140192155
140139292
140199968
140221313
140242030
140105709
140183639
140164877
140132927
140211077
140183587
140209195
140126881
140154116
140243357
140137508
140196831
140275738
140148633
140191730
140206324
140147338
140163691
140223126
140219774
140267677
140210904
140147300
140208516
140146496
140196670
140148645
140272208
140187069
140220226
140232932
140218838
140216136
139999287
140183231
139785545
140156742
140211346
140099934
139982341
140222290
140213876
140166963
140211151
140176029
140206280
140180539
140216096
140221941
140102299
140160639
140217799
140186479
140147418
140048500
140119233
140163424
140215813
140229266
140115073
140142892
140246344
139975283
140121394
140271742
140251482
140251701
140251725
140187415
140101392
138610545
137393797
135716163
138647171
131757015
138439095
138667594
130297927
138054932
134336275
138690917
136257498
134990151
136010266
137603913
138629370
137404194
132812410
138050982
136773239
132400440
137294104
132675196
136786458
133721216
135722141
131873869
138905959
138672715
138843587
137418195
133864243
138689405
137925279
137299689
135423746
132133631
138656491
135045754
138482791
138224524
136320781
136019030
133908858
132662554
138843557
138611362
138644723
136186899
138539846
136786493
138616483
137313845
138496474
137086706
138601582
136399455
137755115
135452373
138693422
138693422
137907886
134123163
133184175
132632540
131426977
136813583
134066161
132583149
127372259
124834401
124957334
124906027
134652832
127397276
138078725
134140692
123624344
125481788
133720192
124759563
126747408
133660860
133978663
132485813
126969799
126956351
126882072
124466529
126586020
124406078
125343373
139031503
130019526
132325152
132206827
132591495
133589692
126859231
129234339
134658462
134405344
135967385
136442710
136437641
136368608
129104796
128863300
131138812
129362282
130250094
130600998
121824768
138853039
135323395
136315705
135499223
135387967
136299837
136224579
136240657
133674244
128391877
133742760
132969525
131500964
128795975
128817658
129838106
130819193
130801342
132266983
128824079
132858987
125883924
124715309
124008895
126217463
135452169
130300895
129164145
131599305
137394311
129575668
135886199
135809620
135662701
135489233
130905547
131549537
125218408
130595180
129397727
130544919
130640351
126919748
132494387
134781953
134086929
134252249
134821759
123298149
123875720
125811681
136341865
127624932
135932260
136610852
136287217
134344201
135025061
126993181
128181947
124520364
133519068
133435011
132283829
132372803
132143044
133865701
133353400
132982385
124485307
130175745
129099704
129899494
136049162
135892875
126790817
131029000
136054849
135431163
129090252
128423691
136670583
136594717
136185650
135536905
129503743
129816128
129528468
130932450
134581512
130282736
131677609
131216385
136689811
136271136
138846150
137072981
137029309
130156013
131306981
137118674
137110139
135881714
136679920
135514826
135508970
135733327
135766755
136670536
136559755
135852966
138160807
130415991
130836709
128161311
136436744
135787781
137941400
136310867
123934820
127305493
127250328
123750638
124293647
135174490
127664821
127443078
125751744
136414603
133744988
132690984
131998051
133544254
124202661
126243959
126639696
128090206
126204227
138240661
124153208
125841148
127633086
124269386
124378099
127933575
127748256
125671467
130935807
129278940
130332819
129066908
121758684
122133105
136475869
130462946
135924337
134378014
126990109
124753473
123333301
126501310
125010125
125023176
136920757
127500482
127525070
126101975
122475559
127564724
129927356
128918987
129843457
129644007
131505313
131523157
136448353
135584225
135810768
135804126
136615339
135781067
126259821
127411271
124085971
129909032
134259785
127724399
125533417
126878020
127803927
125812323
127478820
126797584
135906480
126734379
134524046
131712341
126747891
127956086
126406697
127478792
128669190
131552759
130859636
129927317
126661524
132949976
135159515
133172674
131759045
133132914
130019935
128671546
128673584
131588233
130221214
129694011
121752240
130679100
131174211
131301772
130412816
130491807
136719339
131590352
138201411
133813101
131862914
130803441
130997498
128994738
130148565
132430548
130667157
132232617
131532425
129916491
132604581
130997238
132460771
133063682
132527502
132324047
132543263
134283453
134726797
132647390
138047253
135317011
136445383
137579052
136770523
121938898
121705027
137810445
136735005
123892109
127615298
126231428
125982346
132924100
132714384
133988857
132741243
133840745
137816370
124990129
122127358
137623570
126853409
126985271
126432765
124192965
136815780
134440903
121897220
134486338
134338822
135237907
134564039
134163058
134247556
133803902
134440937
130557699
129896628
130413338
130630797
129953444
129226456
133075546
132248844
133119474
130589520
130168062
126229513
132046701
132007679
128118756
124637923
123412034
134198208
135899717
134580585
136593066
136118563
135798079
135781376
135665622
123832741
133516127
121463066
132509326
121424062
133828183
131757575
132203646
131721127
132122432
130413638
129483388
134348264
134162898
138042681
121868648
129694187
130908317
129925061
129846368
125020303
125596715
122688907
128152560
125292001
129088379
125920081
121457245
131331594
130822143
129397791
129007957
130884631
129592050
132705763
136141861
134157424
132284908
132940940
132489342
131765746
132147464
131612701
135007577
128814619
136489271
136441785
123579047
129368933
127747505
127220156
126574098
131161804
129704685
128351771
134404662
137762837
127182931
138364239
132593276
122901383
127710513
126557618
124046484
133731406
133269545
133484185
131149256
128500117
130106448
130310184
129940609
131292033
130867794
130223936
130019029
129960997
133767145
134161176
122478889
134013581
134888548
134678310
139920428
131652596
124848592
125213824
128089908
125206471
125770998
130618062
129363385
129545984
134504622
128653910
135338680
135205133
134525756
133140756
128007558
127846179
126002910
126992780
125343496
124176922
124079340
126157720
129783429
129802717
130548143
128320650
130233478
129534984
128276470
128209560
127274732
125483456
123937053
126144012
123577896
126272563
126012636
127428034
126021646
123675470
138700599
124805735
128051114
124753199
123926567
125960976
125346314
127470123
126369046
127379135
125081036
127933776
126513654
135920028
134800353
133360173
127518035
140568074
139129714
139013242
139004917
134489526
125796328
125089597
124906786
133469742
130671651
131455746
130789600
135758379
132559800
138280469
129240596
135827292
131213951
128479502
134407132
136564023
130128683
135405381
122922032
135855810
131327307
130984620
129559779
133546197
138095173
131198858
135853947
130723698
127723039
135359395
133255313
128482268
123556424
137149691
128099829
139089705
128322172
128904523
131836700
136024008
135696892
138330299
128324799
132073391
133595138
127167849
129613722
138956294
131379858
130816369
131513411
130864784
122048881
130403678
133493917
132512164
134350100
135946057
135880570
133952357
137217446
138115074
127979575
135587137
135024020
122032731
133890850
133363194
136209828
130156394
136659684
133650737
131129885
126156785
126211938
129832175
134766993
133526424
131992114
132928507
136437657
136820119
130747996
124997381
124695767
135955895
131698960
130403789
131234019
133268225
122776346
124141205
131442861
131208894
128796039
125150503
123280311
138357847
125777676
128069441
140601271
140568013
140569378
140608952
140595387
140542304
140488891
140536312
140480066
140563991
140530971
140635840
140558079
140590365
140482630
140530921
140537802
140557535
140568441
140535075
140398848
140577682
140651680
140584900
140528751
140517806
140571653
140528808
140522765
140565210
140569744
140576446
140565150
140571421
140482450
140270651
140515749
140566259
140456802
140481696
140546481
140640839
140572737
140568025
140606936
140569677
140606346
140332507
140601622
140550561
140569503
140512911
140416311
140580012
140511617
140589185
140558229
140539030
140593703
140552986
140563455
140569724
140552065
140601450
140568162
140427816
140591295
140591249
140589246
140602594
140569214
140284901
140403952
140535307
140525565
140569124
140535182
140468304
140561069
140535161
140464729
140632831
140360346
140596811
140508605
140563424
140619479
140590969
140563292
140607238
140580272
140474715
140524251
140558190
140573166
140579982
140589332
140560787
140573790
140661100
140613553
140353010
140562018
140572994
140528793
140389484
140586729
140535432
140545829
140621270
140467188
140482867
140589312
139898814
140533120
140587188
140626799
140571965
140500534
140513687
140547907
140529663
140533137
140549813
140681780
140563708
140579211
140482911
140613747
140591111
140565707
138223724
137566890
134646775
139270338
137393880
133025271
138643168
127716736
138931854
125487520
123728401
127314874
126882077
126936133
132821696
135019860
132595463
125045822
125043886
130542208
138650863
135778747
138021022
133239978
136958065
128744431
131739221
123367675
123207127
126187039
137260407
131594559
130504061
127686524
130106807
126282208
127997855
136467818
127434916
124984139
132590604
135397279
134517251
134303843
128229428
123118692
136228142
135752629
129451579
136527332
136370782
130723810
131723613
134805906
128988534
122166744
135750102
137398800
138074122
137265170
137793223
138551049
135717135
135736110
124144074
124160526
124330782
134420592
127396913
127864371
126429375
128439080
133551289
124636087
124647561
133502110
127032406
124403263
126776402
130759783
138571321
128931961
130761949
125685136
122923021
123283328
127878699
128137315
128124528
130240304
130157960
135252899
134400596
134344140
134874788
138404829
138165587
123949026
123727182
124682625
132277390
132477569
132228479
132700995
123597723
125279167
131491984
134742884
137963590
131615088
130770331
130785348
122028717
133088445
131690594
129099652
130462967
132917318
133173231
131984979
133829098
132895784
134501301
134333871
127643615
136371637
125252423
126659768
132227618
132089235
140040066
122347873
124921211
137194320
135263476
134481339
134286965
134497519
138483177
140504970
131283141
132348558
132474905
127537442
125891350
135574619
136069732
136261573
136251329
136420059
134116097
131338115
129891012
129792022
122577299
122486717
131649503
124158279
136539089
126018929
126218732
126127516
129814449
135424497
132178939
136730726
134142188
128168235
134768459
123245545
137057153
136413834
131154703
131183092
130624308
131692432
131132336
128970613
134693196
122639482
124876530
134868799
132578766
123854600
125648279
131210026
129954158
134437805
123084616
122228202
122441745
127840934
124971175
123610849
122265198
130303230
125334199
126559029
127029274
127667592
123042188
125742977
128477195
125933207
123751367
123873146
126135859
131594596
124917305
127888448
125721142
140521853
140454638
140534543
140362296
140476762
140266201
140414041
140509337
140546025
139863922
140498371
140472185
140509989
140468968
140448065
140586949
140403184
140460775
140469837
140480337
140537379
140396818
140477087
140490056
140546308
140457837
140496423
140390630
140524468
140606785
140524814
140524337
140451898
140441416
140498658
140525855
140523411
140530822
140482682
140504625
139864200
140465415
140511778
140510897
140469585
140465280
139863805
140546420
140541001
140487948
140497213
140620407
140473472
140526305
140465024
140458116
140514618
140474679
140524346
140419724
140609819
140388617
140597054
140369657
140368826
140445395
140483851
140508450
140596743
140428467
140508206
140470253
140520027
140572441
140479347
140525602
140615109
140459586
140415786
140269896
140479528
140460905
140441866
139996036
140598763
140511638
140508303
140436176
140507936
140525152
140472232
140520501
140536204
140444222
140517226
140500807
140510581
140397191
140503052
140599170
140515017
140437820
140462613
140514537
140490881
140525469
140422118
140486268
140597623
140491845
140501034
140246264
140387428
140447517
140620551
140525797
140477333
140464598
136673711
137905186
137849354
137535357
137863159
137593576
136675095
138059307
136621607
138036321
137407154
132736937
138424956
138960175
138531670
132869698
137990516
135287315
126228949
123267590
135414334
123966278
127405238
127263180
127031249
124790394
132419308
133570829
132633656
138088028
127473427
135119127
130171112
134868135
132081034
134921811
135360265
129711867
130831414
138791854
137171622
135512378
135829098
128654066
131941090
128695835
134003701
133379409
135762230
127704338
126556827
123130019
130858615
131726745
137053079
131207878
129461225
128395279
131520772
129685817
131144839
129850021
129846468
128651369
134090839
132751004
132476474
134767133
121867316
124370943
127863695
135679576
138503748
126789935
135048955
134385174
125583699
128174320
128143163
122727789
126163144
130711789
125918611
129447412
138240676
131576245
136773095
136336988
130466434
130384834
130607186
133715587
136913522
139919479
137662822
137203330
137602446
138090487
136353332
135966029
125998767
125913873
124052338
125395740
135260166
122126459
135239584
135297618
123904170
128322234
128257183
134988366
128416119
126478476
126513682
124513484
126238308
127925181
125757406
123460728
125777570
122114233
135771685
139206897
128883940
129029461
126968824
123218843
124229224
126312856
128521242
131723495
130210643
130887885
131755954
136186336
123012259
134396613
138195711
124406978
124446147
125747180
132372911
133186324
127031156
126193905
131375322
128722483
128786315
122057293
129422743
130543854
133925284
131146222
121905553
131439317
129073858
130753903
137358442
128889513
132076944
131928197
131142838
130833224
132739009
132698219
127113478
134675984
123267571
133023656
137190898
137088681
122463777
124521868
138389358
137313146
134495764
135414558
139714603
129278836
133657134
130822245
132911468
125684616
126315376
136246238
134084372
136280365
136344362
123790891
136241568
122623417
129525835
131178182
129827754
129580533
134438524
122203701
122400768
122366682
130406944
121877018
136530976
126370745
127516096
131813419
136702899
132717366
132750777
135640398
136641796
127752511
128593954
125334588
128646203
127480201
135783883
131070197
128814296
128817719
122671756
123686844
135556066
125490104
126861898
131125847
127548305
123941803
130838057
128733663
134376826
122369312
133442616
122153641
122340431
122896921
124843605
126998517
129279093
129943171
130434348
123063373
127773529
126695065
127206402
127731177
124743051
138822626
123683608
126796503
123742150
129077788
127753139
126574728
127839966
125157705
140362023
140165893
140161150
140403210
140207067
140426352
140384985
140376272
140451903
140266261
140386289
140312073
139720410
140423121
140380097
140319380
140303048
140407348
140400425
140422114
140399049
140431890
140398443
140454625
140425980
140466226
140404202
140327586
140394128
140403805
140401474
140408424
140312109
139720980
140410066
140397398
140482687
140333592
140400483
140515617
140401544
140398515
140424871
140445876
139742108
140306154
140512473
140359738
140432458
140404682
140416472
140167351
140520822
140392051
139832795
140415736
140392018
140385622
140384735
140246243
140392505
140423359
140413914
140418488
139857195
140426592
140405920
140426862
140522231
140431927
140385531
140362098
140095935
140395755
140382632
139850728
140395602
140516395
140453685
140349661
140453317
140349641
140316688
140351387
140070407
140319450
140267424
140424720
140438017
140384185
140438428
140380198
140427420
140362540
140329491
140415427
140430363
140405639
140396175
140147405
140394124
140408405
140181973
140414585
140404773
140388698
140404917
140410459
140388911
140408525
140397425
140454748
140362508
140349261
139706091
140417132
140013669
140392361
140398922
137352005
137864827
138787809
136102602
137156305
133554906
137912183
138925036
134286210
138898683
135919866
138923925
138936764
137312757
136827349
134285281
138638883
135199926
129893260
124693109
125916499
127947081
131224007
132373683
125220858
135418390
127846551
132865440
129748813
127850405
129712192
123732551
138390028
123522909
129873774
123631862
125335812
124001295
135400033
134617830
123685020
135223241
129441706
135924359
131149300
133400837
138167744
127703632
135487764
123896835
127589599
124279478
131891920
130792815
131060628
131570319
129954176
128565192
125916788
134570887
128771901
135531988
126074841
126689569
122601595
122371017
137323388
129801992
128171890
127363573
132722869
125593605
128088976
129660861
138654875
135379319
134657977
135728409
137551624
126740962
137263261
135179197
123279570
131410342
128664871
133184275
129807734
129901054
131292513
129036313
135599279
129072757
128366329
127385562
132007755
126553211
133378937
129973981
131030993
125062568
124797381
124899576
127164843
136138005
131570800
127932442
123857537
128991900
132980606
137949953
125945089
125809438
134669321
122471443
126747288
125791552
137904623
128889667
126001004
123690846
134788067
124156352
134697174
132491127
130194518
135420544
130432037
129048188
128425792
135277584
127247983
133356246
132255131
129823998
131161112
125541686
123644869
137246838
122209438
133340071
130799909
131442152
131276327
130023865
131563705
136082304
125179792
137398416
124214640
130543763
132463738
130847862
133423549
133411749
127471192
131374865
134886518
122235592
130588630
128809152
122581773
134026013
128784701
133133549
136435905
122651548
135292415
128601021
129980541
122615422
133841142
138477987
134885959
135287742
135438888
139165211
128424706
129909330
128092343
126662073
126500121
133413277
135520669
128827082
127514468
125677405
131628903
136309970
131027929
133120341
132066803
133911983
131798091
128252461
133049840
135287444
133745022
131081065
138067024
135410211
129566799
130597956
125507674
125983451
138647366
131161655
131410680
130434214
132404123
132083901
134256798
131919813
137899274
132333448
133046177
128662407
126985321
137233557
137583965
131794129
132475301
127606925
131671796
131145629
135974094
129838901
135497934
126039859
131793951
124589242
137901536
131987995
125488923
130847897
130071213
129680808
134737640
137866181
123636324
124192783
122699038
129103851
125795865
138170145
133725623
129453586
135417988
124056261
131555080
135017014
123632673
134816763
138742410
132053138
135796252
131563633
133146447
128843653
125776070
129077147
129482319
130583630
127182881
134799108
131735099
135628317
128677855
137897446
126453525
134644135
129207449
127952412
132028414
132722241
131292979
130630745
134665813
132814899
138656158
125081971
124918568
124818439
129045333
135891325
129546073
136272970
133250308
124352508
137394255
123542001
127857006
134840196
134883540
132948354
130590986
134892723
127871706
137302858
127489369
128691966
130993484
132447746
134221918
132243911
129572494
135958085
127731173
136716796
131981360
138056431
123119432
135034837
136274149
125104834
134322486
126567411
126189890
130054701
135501367
137231032
126079386
133389794
123797023
138036847
134538943
124160072
133370365
133386853
131238533
138171724
136990426
128924369
124936195
132387545
126654757
133625153
137904350
131774083
135341183
134861255
137336861
135393279
128089903
125340560
133665187
129443501
125332423
130897123
127346006
131537922
135584335
124985891
135215968
136349393
125600618
139406468
135252166
134294047
135256770
129546107
131183609
132143022
131574010
138064442
126393087
124992282
131430317
128233097
133041064
123666303
135816839
125717820
123497472
132551726
129063133
130298927
132552235
133366307
128851458
133991634
133023677
131347828
131746552
135707124
135843961
126376138
126753390
136140955
138653700
130912782
123939919
138227772
136077499
130874432
129057911
131012613
135355002
134846340
125725561
131616504
123108520
125237475
137285280
128454912
126774012
132272004
132812604
128688672
134010906
132324296
130406412
127211026
127397923
127025202
122535231
131697154
125229054
134787948
131140691
127785639
126320923
132681433
131776268
133278552
135106844
131392094
128785232
129589456
137788265
125202504
130231760
136205491
135517969
128969431
129620478
136587634
128670342
131464435
132451910
139048301
137338617
133612119
131475262
134578194
134717458
128878010
137579286
134034955
127208826
135289911
130707541
125237875
135362895
128677029
133668810
133001344
132558554
136921076
134402004
128831722
125501804
124976278
124079336
125585485
136924219
125388235
137442824
127746674
124162564
130007769
129906001
134747774
125502091
130702188
128832718
125671488
131679838
131598885
137115974
127994404
137941418
140271871
140403869
140329536
140343356
140380309
140334880
139984187
140319549
140315678
140360205
140336795
140333880
139986588
140327667
140385419
140339127
140319479
140333166
140333771
140266028
140437681
140345340
140182390
140345419
140298862
140388114
140341054
140338755
140341540
140273805
140344230
140331769
140208427
140312684
140348137
140357880
140064081
140347072
140365402
140333866
140367205
140345361
140388765
140265924
140276789
140388583
140242700
140373570
140319637
140348051
140270059
140270117
140147308
140333903
128308339
135064617
133024751
138873857
138872683
138404632
138816336
138804721
138839633
138829108
138442739
138956259
138545913
138823892
138091942
138902544
138458469
138264930
140219552
140236260
140230270
140266078
140265980
140208479
140299510
140165958
140208382
140168196
140316290
140268188
140262688
140273772
140262626
140221743
140318114
140263671
140262551
140333332
140284427
140315821
140276977
140210517
140250709
140305031
140082141
140363463
140273828
140367571
140252131
140273869
140291491
140329129
140295540
140219258
140240459
140268316
134758839
138053661
138728619
138746845
135717391
133502838
138760111
137215781
138173775
137805894
138794800
138272284
138758381
137665009
138290841
134646548
138819348
134404415
137949912
138904198
135787318
138269886
137118274
138276447
138741551
138384891
138339350
138309716
138795822
133529085
138363421
138823153
138766993
138883968
138420470
135356645
138283020
138763565
137334465
136364537
132948431
131950286
121749964
138554291
132761345
125482347
121585096
132974435
123731521
123776046
126708574
132365022
132670366
124262283
133979164
132357351
134051725
127097254
128365926
130322982
136834821
136310856
128408581
130148491
137673784
132515420
137188146
136309960
129476891
129445291
129076620
129864456
129291417
129291094
136288759
128084820
127035783
129660438
138610340
129285740
129073798
129100184
128995739
131692349
136133877
131230353
131201064
130403306
131063643
130217824
131471434
129722510
134150457
135020285
134286893
134805566
121755905
126137213
134102897
137986660
124151872
133601932
133328936
134289152
125420930
138483317
122664887
125673804
136416911
135860098
129123239
129123576
129111654
136735537
129334253
131075613
136343916
131373472
129544004
129236129
135799667
132737326
137524353
129478990
128980031
137102147
135951093
136672280
135636078
130526606
137765985
130927048
127374767
127203443
125605622
124490151
124157034
125343403
127234480
124087568
134053522
132714057
134713152
124303888
128151471
126701707
126771492
126748276
128146061
131671870
121889018
128754709
128658219
125654423
127312837
122660537
122702808
126858531
126123371
130403937
129161643
130934264
130433596
135334339
137188124
134079329
135090494
127682821
128038473
135978807
123015312
133151898
124930895
125167340
129741448
128965305
130385104
129054941
138986515
131907978
137185694
134637869
131770815
130808868
128534468
131414824
129970886
138984958
131890423
132049171
131780373
129090167
130631918
133888308
133619117
132234748
133599887
133207274
134545474
134813228
135971127
127925995
126747283
123967869
124240309
132785706
132790913
133595947
136992083
139494382
126999879
124368713
136805152
135271692
135324516
134564183
135320592
130472098
133358686
133778355
130227589
132733564
133921985
126623635
127577456
136660528
132400364
134646370
135952968
136662705
133632965
133667295
132467896
122138783
129473648
134494217
122030451
131510859
130050316
129870281
130041430
125597429
125940678
124698817
124058207
121702481
130605987
128465975
128650786
134348784
134149966
134483043
132606172
135868644
135535816
136619813
123617268
126680038
130576074
131045029
135118832
123580355
124715693
131727146
124202002
130837834
131675214
130378096
128837972
140058721
133285697
134690012
134457554
134568695
134574666
134106521
138358203
132028642
122119626
128169893
134375005
130905949
131096406
129888529
122936849
133318816
122062895
126150880
127577117
123568355
130825430
128789858
129800144
131761866
125773499
128212067
128367569
123845691
128142556
127928769
126262713
123966388
123588156
130458241
129771198
130130891
130121892
127832260
125851948
140272306
140236292
140240813
140269873
140099979
140289930
140306419
140237009
140280770
140269992
140212576
140230361
140212657
140251954
140199973
140242735
140231937
140295612
140261667
140229160
140272584
140310778
140236977
140210467
140221917
140148356
140213550
140131238
140177818
140121226
140229051
140315461
140270671
140233124
140280881
140237145
140274800
140295035
140266076
134222148
140590072
138784950
138618823
133416531
134221841
138439573
138700094
134756788
136564656
138264655
136671195
138695962
137697920
133877214
138794290
138629424
135581308
135019795
138717118
137035913
137022886
132685263
124899404
133900812
138225837
123267922
124172863
133390547
126894216
125538383
125271341
124459690
133458120
133930598
133432291
137541471
130725445
133075554
133415393
135005214
132155812
133562004
136471908
136570621
138502606
138215694
131520721
129280744
137118615
136853179
132340762
136986541
130087601
130977827
128964475
131106481
124344273
123966468
129361317
131536027
138613501
128842805
129615824
129728053
129663450
131982191
134768734
124050412
136307946
136309267
135369889
123267532
124540258
133487708
133500823
134253190
127869355
133130565
133508835
136399507
131201469
135629102
136377326
125470813
131054595
131048185
136424448
136142494
136365778
128862722
136240970
136621301
130638842
129749751
134907145
129980705
130569963
131281465
132600290
124377468
129334231
137100012
136578051
135890827
135342106
137118720
138408671
129116182
135720834
136721692
123949304
127388532
123778285
126542109
123692127
132967555
134606475
128073773
128119000
132049511
122133192
126516067
131588394
126491328
130686415
130469283
136201724
128627965
137379461
126098415
127165728
124034980
127962456
123531712
125490540
133945278
129637835
131529348
136689217
136605779
135833048
135843099
126302450
126590032
135257496
124639110
127869369
123580322
136140931
133704649
131612008
135214746
123979746
124829488
131372740
129372505
131598495
129072709
122544963
132286976
138905060
133975982
133582891
129455465
129468250
128813704
130506480
131589181
132053319
138741337
132669641
131969895
128979581
130882542
134342089
133594436
134238197
134130569
136401077
137407643
134241051
127537107
126773990
123915549
130798129
133388507
136222453
137088556
123685154
122183617
137114967
136908038
134291246
135296015
133822531
132298578
132235975
125124596
127071157
136533765
135889105
136370858
138642341
138409293
136424454
135832972
136368502
124486947
136616023
131960139
131751461
131054786
134381543
138565188
122117413
130030667
130006259
136346726
127523211
127723500
132799909
129479032
129661838
134246345
133589785
136396939
127473736
136535070
128370912
126720903
129709911
130803616
134680063
126772333
124369437
126545412
126914797
126315245
128297759
129841755
131408100
130320951
132433761
126740920
134581256
134061875
126785450
123523397
126741730
123644418
134363295
131502859
130420956
130531933
133184602
133207762
127198921
126931292
127908837
126011901
129833036
128463253
130655851
128340640
127310074
126204827
124802729
128239280
128279956
140649569
125054691
125015088
130261193
131491285
136983629
124870283
140214483
140216699
140267554
140219595
140245223
140212711
140263290
140135499
140244383
140251656
140177660
140212305
140181510
140055213
140187124
140148583
140130859
140136890
140253278
140313316
140154723
140151593
140213441
139991502
140099724
140126840
140212466
140235248
140160711
140163894
140337850
140254121
140154396
140146489
140220503
140126661
139993896
140217906
140207038
140206129
140213763
140065606
140197864
140204167
140199798
140073549
140253638
140219478
140181203
140213953
140065704
140223394
140214203
140216980
140214610
140279615
140137639
140217810
136625339
136282039
136462034
133532635
138685026
134228860
135733872
131622099
137947735
138625269
136145231
133532093
136600761
133546611
138690450
137481394
133532608
135104221
133297190
138511504
135413883
136306579
132763224
138680835
138629935
138510557
138045018
137865204
136724903
136519331
137925336
137541942
135614648
137068880
132631150
126992022
127387234
134108039
134504296
126430784
126408129
134067605
133531749
126945838
123596340
124477351
133075354
124202679
134109790
131948555
128692324
134136118
136368636
129338308
131620020
130540138
129473344
138852207
135501717
136537990
133922055
132840673
132974541
128844261
126633061
128734275
131817776
135875590
127177728
129848573
129443535
129167924
131294673
129577317
130200958
128359670
130985022
129543888
135118499
134218112
134962067
124031050
127630509
136251028
136560119
135273185
125821757
133394928
133414295
127971348
133443638
133344404
130355752
136357557
130905815
136130560
130943017
128321555
136538939
130188326
129667141
130172095
128994775
133377065
123855796
137029457
128490352
137118488
135515159
135514789
135826237
136678504
135809432
131590649
130602549
135500945
127555497
127284658
127247348
135107544
126275652
135415560
132480462
132995126
124167750
126227726
128075072
123530552
124411994
127755961
131299759
129266389
128421299
136510845
136598369
123798039
124351676
125831572
123548322
128027261
125883870
125146936
130288404
129704560
136409931
136450767
135776385
127381804
126159327
134320806
126351531
126590286
136141691
135908341
132274470
134635974
127873639
129781009
130929637
137062901
135270705
132313767
130863647
129476533
131315755
128711306
131306062
130426594
128981979
130213325
132509336
131403001
128880683
130835932
131611785
128808831
132792313
132311843
132188075
132471628
134368335
135297706
136994339
133413626
137063063
124202585
124706727
133909163
133759462
133782104
122118822
136997374
126614020
123675715
122107472
134342741
134572889
134534697
134502132
130501177
130148663
129297063
133655847
131774877
135763629
133874605
126231864
134649910
134645283
136208911
135792818
135742167
133387894
131830358
133798358
131085746
131664774
131468687
134084350
129902273
129861471
129911383
124252446
125924541
127028445
130067664
129534949
130951198
129210724
134206561
131783708
131950879
131750781
130002810
136034930
122795015
127452490
131389628
129291183
134354757
126619227
128006261
136229344
123092281
136110069
129990344
130008359
128503374
130231870
130001664
132319961
134039878
133912612
138204476
126727741
125281703
130669846
131661101
129291281
135307985
122093573
128053039
128347547
125326110
127990708
130940860
129623568
129657989
125417379
126019994
127156035
127234450
138714820
124846045
128757532
127224554
126457073
126985340
126323021
124893385
126468653
138478560
126451755
139003214
139111860
121983310
132869074
129318784
128889198
136678551
128975709
129833053
134579650
135698918
135357993
136288454
129098904
133955247
137881110
126073763
127552998
126984897
138632134
138877217
130250010
136248229
123728836
134245837
126930477
136717610
131559720
137368409
131327505
134400651
134123240
132326782
125201755
136521532
130076321
125311069
136042312
135314479
125031819
130558126
133803008
136572254
126203936
137186868
135582625
131253188
132651403
127841968
124997486
127523249
123955613
127961882
140404040
140624188
140601953
140569108
140534032
140603948
140565745
140564843
140508745
140606573
140561642
140531323
140630788
140590447
140594491
140581378
140514657
140549549
140577514
140591269
140404129
140625132
140491112
140534347
140593684
140627114
140590165
140602174
140484872
140515137
140572342
140583342
140585986
140602317
140484749
140524214
140591813
140519862
140595773
140598246
140584466
140544388
140505774
140549771
140582863
140520687
140641385
140536599
140601551
140608550
140629987
140590761
140544382
140630066
140567236
140589291
140565136
140525106
140535025
140501259
140514617
140498662
140490010
140483434
140459568
134720604
138652625
138913520
137394684
123776184
127351925
127063801
138519262
132796566
127355979
134474234
122503693
128788062
136359526
127712148
137133576
130544089
134198673
124394333
124957801
132364578
135224522
128190896
131503542
131234702
135803420
130690653
128915565
135798447
137393822
137085932
130284413
126073049
121775300
123142105
124115183
126328602
124697654
126469734
129807959
135846968
127129094
126208749
124670759
131695715
135696627
134438778
139046816
127387816
126777104
132512261
133500146
122789030
137323416
132327164
131461638
137398457
129559715
130368903
132081983
134201242
134348929
130501215
124672121
132143231
137293371
127937080
134560869
135460021
138232982
129558848
132484765
124323631
136312496
136512366
133443046
129800298
123116749
131714169
127553147
123778305
129894503
136917546
124170555
134364557
125644919
128829359
128914059
130539941
133255800
138555401
123865809
125630490
129951873
122457095
126562039
124918984
131404457
127844360
127960616
126190080
134686522
126463622
129842181
126229104
140535607
140388361
140524303
140508499
139740755
140413808
140549100
140477753
140490268
140508921
140410134
140511933
140534093
140451124
140503460
140610376
140467459
140473562
140472331
140468099
140097854
140370662
140596179
140607204
140464485
140486584
140497290
140502407
140474806
140504494
140312479
140508877
140491143
140480484
140297947
140441298
140519616
140496078
140399082
140401013
140426101
140605894
140465042
140545450
140485151
140519607
140472447
140442285
140519722
140482815
140484797
140504336
140371220
140508505
140445791
140467876
140487170
140498594
140362001
136072203
138491160
137357082
136293005
138613522
137922303
135985587
136649568
135883746
134820694
128222835
125767692
124049988
132738091
132619350
138245498
134375069
130420136
135298812
130757451
137259649
136379595
130015191
129842932
133687061
125764135
138226588
137174199
136918166
123897037
131612507
132680046
129443204
132160794
135152505
127926055
135755107
134414503
128203343
122836552
126075303
129085768
136943382
128599959
129903446
129261483
135790232
127131766
137578608
136712471
138167482
125913179
138166962
135189595
126750881
126368786
126408292
128486662
126721417
127321382
123201297
126572010
138197599
128630411
124494904
128084806
129852329
131577248
135841895
122546506
124582708
132522651
134001786
130805971
129773384
137180405
131489292
132581595
129201135
133083689
129468059
134567130
135424614
127888354
132071293
122551417
123688337
134445636
135448061
133519164
131018710
126033056
136079224
136798212
136729126
132724174
131890433
135181343
122116544
130130278
130404329
132917434
134959003
136753813
123269172
123513736
132958319
130049221
122526483
125040319
127135366
127469577
127480718
131090421
133442835
124927513
122646908
131228413
125325913
124810004
126679917
138408635
125326125
126818563
123534749
140397490
140419082
140366713
140406963
140202396
140405363
140252272
140153833
140385004
140384693
140200394
140387938
140400380
140420980
140316739
140216664
140383593
140430336
140383930
140444517
140432496
140372883
140334867
140384575
140333836
139705905
140281170
140393837
140348003
140467021
140446924
140426175
140404249
140397395
140419932
140427624
140312154
140396488
140334188
140427320
140396179
140425033
140447745
140384074
139706314
140409822
140409785
140382433
140410304
140383203
140346386
140377921
140366560
140414866
140360135
140418520
140374957
140416388
140393658
140398945
138480941
138830447
135418113
138531774
137736254
136390849
138419586
138565214
137232151
137322384
127840901
137873751
137263399
135599074
129358381
127022449
124150113
128494403
129051311
122008625
131174458
135582102
129546932
134702668
137242928
128711684
135918394
134477289
133371573
134741808
123897658
134810614
130576103
138239579
136461764
133098582
137165696
134735934
131030838
133762998
130147410
137926303
124019454
128583706
130631982
129239626
132340150
135584863
137925436
130383453
136511315
129231268
132236396
124805919
130865868
137788169
130220438
128348099
137904864
128323020
131169405
123590415
127552576
132117717
138804928
133388179
136933869
137922171
134817644
130234645
133185899
126262533
129047806
137181273
127722088
137265158
132037381
124281148
123850401
131289927
127698424
131733780
136166049
138650909
135811845
129545922
131523286
135973205
131687502
131366868
128280181
122403838
135069717
131484419
135790104
125490211
135492311
133249638
133261583
134951705
128834333
134277680
124079975
136321439
135940970
131859952
133338155
134805843
134886547
130365636
136310093
130363822
138080101
132397954
129496004
129831751
130473214
137127442
131176588
128662810
133883784
132993462
128303768
131209236
129568995
134235422
131309481
130661677
138110534
122219197
127744920
134673249
133595753
133758188
130221553
125763057
133150409
126159719
127702006
128454813
129995960
133587621
135535267
134945440
131752534
137973503
132686223
132729210
124192958
131470867
128836419
124833916
133678126
127914911
134561887
137705394
132687926
137569139
130436741
135362936
133330823
124281297
131667645
131938712
129260612
137265676
131063813
131210221
123675642
132710025
123634032
129195394
138476501
124888864
126544079
128136043
136774885
136777802
130424606
137995965
130155838
136295608
133529714
133065014
125513145
132743979
131220652
130121629
134142409
130174233
132090893
131906088
136250889
125252278
130130799
131018736
135514389
129164012
131844563
127804644
123683542
137815380
123685389
133848110
129045327
134765134
133339996
133458676
135530398
122363943
133725254
128983266
137653720
134805884
124482777
128929984
133008148
135634520
134985079
133745387
134090969
125294627
137913439
125858397
126786738
134250745
123039197
132860015
131140658
136030177
132834637
123732176
128010625
134972260
136126803
131192833
129441836
127791572
124067142
128677506
140242284
140345530
140383330
140145786
140287390
140339563
140329193
140180335
140192816
140364089
140319527
139928228
140250517
140337055
140329444
140388414
140344198
140208620
140241660
140371786
140312322
140328682
140388101
140316024
140363425
140356197
140276814
136781960
138467168
138861198
137403289
138847027
138478555
138823080
136424396
138824092
140185416
140261323
140306781
140363746
140267522
140183383
140167234
140380075
140211079
140306897
140378394
140263222
140368635
140229191
140261605
140296204
140271664
140166079
140298688
135971930
137047022
139118127
135899275
138784284
133501598
135784583
138260470
136288159
134727947
134402317
138901763
136025762
137725422
137768754
132986000
137821527
136076007
136510835
138245393
132010855
138399877
127994568
132008019
125551780
132743010
133410675
132969480
134301000
130355457
136528289
128421674
133390486
136781896
128347152
131431503
131140635
135903552
130596131
129383129
131612234
129057590
128477149
131327382
131153912
130662164
133452605
134220742
124205892
138008132
123402394
135494021
132393113
129443548
135599159
131094640
136540580
136517777
130838049
129503654
133032861
137767020
131491790
135714249
137134423
135886402
123876149
123965506
126472914
124863107
133471674
128310467
138612482
126029907
128790378
136454891
128584931
126541649
138764571
128853314
128811281
131635822
135873681
124214721
123354361
129525607
133891102
127042146
130777781
121862869
132570551
130576151
131413708
130017831
134965937
131854878
131143712
133063475
132266727
134476126
134182338
134705726
126006313
132988176
136686300
122194257
135314676
134376926
137859994
138593091
132294335
132100723
124540356
136616196
136251928
135979876
133431552
129528088
134208390
130104909
130956234
127568801
127277046
131048139
131240438
135294516
133166702
136485925
126710298
124665588
135204356
133603918
127902168
128746055
130180539
135365938
134860456
134139816
138793893
130274079
125152538
129796746
134658487
133081697
125593196
130615072
131581415
129764652
127210871
125919250
125099710
125900684
131175636
130944618
128008613
140246047
140230192
140190907
140288040
140261520
140296450
140142521
139998433
140284515
140194067
140284493
140236690
140271153
140289838
140215255
140288652
140230275
140229411
140272078
137206812
138646461
137261442
138699579
137807720
134510702
134774209
138784932
138587195
130808833
138714803
138567192
124937274
134280645
133409978
125352632
123720106
133020757
133469842
133996847
133811702
124723565
136054212
136484373
130611526
137071511
136479752
131054235
128395208
127914165
129211657
129061705
131036140
133337970
124044898
135596482
127553223
133513607
133489093
132892432
132526672
136356574
135713115
129070280
136417224
135976814
131017092
131059548
130736300
131687578
124732054
136965469
135972541
135754774
135698859
125132654
123999164
122544104
136456968
128113449
133772660
124745497
123177018
131506523
130495825
130563538
125481978
125343394
123562415
130837318
135831679
136617357
125131689
134560647
125903530
132378974
133919690
125212497
130174046
129984827
130590318
135212642
131772253
129158955
137119241
133982932
131914376
137261155
133478210
134236628
127276940
123082295
131733791
131945019
135991619
122157247
127024803
135278199
132604931
136625758
125718817
135939915
138484065
135875751
126315547
135955211
129545360
134171623
131464362
136351624
126739510
129608283
134233884
133607190
136520757
126033125
128715795
134542876
135513742
124100093
129528202
130313072
125035774
134101545
125145525
125188100
128599993
129335463
122145405
123697743
127281421
128323085
129011535
127435407
127397196
127004405
125034828
128984376
128025167
140217748
140196732
140241775
140160746
140212408
140166451
140126717
140216635
140198166
140206108
140217840
140219850
140200830
140099855
140212942
140152603
140206278
140215995
140099700
140166930
140191696
140192523
140149220
139785794
140175655
140172713
140192121
140099883
140154309
140134075
132515368
136578323
138662017
136591585
137299198
138189282
131771907
135970421
136773295
133434377
135646160
138483121
133262476
133540776
133687207
133831651
136786519
127420549
134076258
121191878
121420076
125351269
124259222
128937433
127038969
136353378
129356808
130175505
135327543
136537733
133762171
130507241
130029995
125633459
130314256
129940319
135660086
129596605
129826358
134174210
136596364
136572544
126661230
133467889
127753506
128451777
131161352
136186948
135399035
130978694
134037793
136271200
128784655
136398362
136671174
136553055
129917870
136459561
123752696
137670917
133492711
134424334
124154444
125764542
130316263
129074727
130583405
125458874
127452177
126340289
129503808
136533438
135805352
127535620
134112890
125904352
126839512
123486069
128451653
134974235
138230742
131715793
121606327
131184578
134287332
129811151
129050278
132535263
133536803
134343940
138374456
133598741
126704260
132695018
137336433
126985707
137509086
134138559
134170988
130177525
129148763
131903787
126884994
125302586
135799219
136546427
133963285
130081041
131797725
131664280
136126620
124547393
130951240
130588080
133088154
133223363
136493251
128062671
130736590
128014229
133892350
133393504
131015413
130973879
133979423
134525698
125279505
131326552
129264508
134579730
126156070
124159372
131009742
128995289
125450538
126151284
138853092
123206717
127467545
127679013
123367346
138136517
127457714
135043836
129775687
129977139
134499310
131387475
137766821
137425408
124815185
130611822
127167742
124991473
131777091
132437591
139051866
138773646
135487525
136328797
136552427
134497457
135765302
130312861
137623644
134808204
126488705
140573304
140558145
140484798
140618834
140598249
140557957
140614232
140564785
140487355
140583336
140501119
140602211
140557828
140529827
140518393
140590959
140032460
140589053
140532770
140516001
140520810
140583867
140479822
140602256
140461663
140446859
140587306
140407467
140586589
140587981
140653438
140609599
140490078
138565595
136682497
126336610
132595649
125261852
130861534
129936210
137294056
129990300
138554557
135100375
131497262
136294673
128871141
137674042
136065249
126056331
126866767
128579235
126558567
136072247
139189132
131853501
125718164
126102141
133488839
126234523
122126154
133462482
132844966
132857271
136425651
136215936
122441381
134452541
132374905
134958298
136224508
134614614
131312562
125441814
126049174
126617422
131195898
131606214
132592678
131055624
122438504
127601070
128088683
126310142
126162369
126762870
140396704
140479761
140545563
140431802
140401235
140473408
140587519
140488536
140452120
140525271
140606444
140484157
140509747
140531786
140587287
140511970
140503186
140501480
140512847
140427956
140470934
140533604
140606556
140427572
140427152
140442247
140409679
140451792
140503987
136564928
137432642
139058196
136495821
137261258
132410463
124704277
139046747
127190715
134388637
137664129
131416261
135635234
130042752
129784240
131218651
133320571
135633596
124515630
125671552
128815433
131521644
128772646
135741949
137896372
124104635
122060262
126704037
124525672
128127916
130549770
131445207
125557067
129176267
123519690
123617012
126283566
128783395
135100412
131477660
130464344
133713812
133035824
124562797
135460091
132334559
135884452
135964677
131210257
122242017
131762419
122642740
130615600
130076928
131560620
126687679
128509381
130132299
122298047
127378887
130551713
123798819
123624686
126496039
140449934
140362428
140384535
140405872
140349333
140426160
140424057
140426028
140181920
140396554
140430104
140424529
140444351
140444178
140075475
140423059
140402193
140512504
140441264
140401383
140147258
140401522
140430317
140404935
140445310
140418137
140362198
140449054
140396048
140406256
137262806
138642319
138831151
138886238
138928402
138203811
127533731
123428052
129887710
127278522
130443745
133732337
132205288
138169890
133829808
131148954
128345347
133389840
138901186
126774922
130694450
125399832
133841855
130684096
127170308
124962557
123685044
124114811
138551467
124928462
132050499
138660242
134990095
122934029
129621970
130220049
129663421
132125222
125892489
127441907
135041010
128910308
129285711
130220767
132055272
135132719
134392807
133785487
137104361
123674944
134359017
128636347
124315724
134881772
134970894
134907744
135918326
131427040
135172173
138394688
136089328
129535676
135327741
133382132
137949192
133059122
126496960
125581925
127555157
137178412
132709604
138139617
137263287
127125647
138650206
136801012
135315831
139061707
132504442
129545958
134887965
132949260
126167763
135693972
137142068
126084316
130016997
129289325
129797294
127167207
132820795
133052813
133993414
131094794
131970488
124436608
127075541
138410214
125138763
122273242
133794023
125310990
134089877
135397392
127701891
127866837
125774396
133863050
133859640
127705330
125015909
132595031
126500904
137904675
133184253
126521262
137997492
125491365
125150496
135992587
140382895
139985973
140347095
140345266
140402230
140439992
140388518
140045387
140384873
140302827
140365866
140338170
140343599
140338814
139346058
137692267
138780881
138879968
135032476
140185306
140240495
140258469
140269201
140268262
140147616
140250216
140258711
140250550
133876234
138902403
138809723
136083198
138272706
138763617
138074123
138805531
138790874
138264446
125014639
124184137
126745395
126652667
130024668
129328610
135368163
128918729
136359407
131771680
131240925
130316286
129773613
133916265
124122679
133363644
125649343
129268113
136013071
129990488
136638249
137091894
130422045
127499741
122776283
134758705
126148574
128546661
124169894
124459727
131557525
123762066
136455688
134343329
131425827
135047960
137192357
131990328
131138780
133862362
138177390
133920244
137385225
122137530
135346873
130322402
134072235
135721272
121812879
122138841
136348723
128997823
130705738
136020143
128895273
128000679
133467770
131493053
134222169
133469784
128228593
122134292
123644468
129528428
126082411
125983583
130924605
123424645
140163045
140215621
140252415
140177682
139998241
140292888
140222312
140229695
140121218
131923199
138931242
139110494
138514437
138695923
137429077
138388037
128091145
126586600
122728407
134871413
135993746
128566250
132475305
133100163
130576807
129225120
136560993
126544306
134253109
136344410
129989561
135986678
128605158
129177052
137051325
135595708
136560891
123856485
134697278
138305415
131489772
130629480
127083107
130943077
136616856
126265493
134669342
127568851
129087640
139752338
137114278
128959335
130833338
134243557
136716846
131018783
137189329
135209985
133275645
134246032
137395235
136598011
131028940
129979555
129954241
125373994
124639928
130131235
125352736
131426066
134524319
128124212
130867017
122052717
122212310
124956259
125795222
126481319
140179893
140165389
140216875
140219416
140212970
140211528
140119191
140208901
140235123
140206974
140219204
140123239
140180871
140215895
140266721
138523239
136813603
132987900
135794766
138650251
137605137
135261166
138188668
136946037
137357057
134308700
124374211
134693052
136424758
140336645
136184911
131238391
138794121
135811514
130578753
123722182
136251177
133248596
131494975
129556005
129299748
138793856
135515472
137660170
123708927
137400340
126229650
124356664
131403402
130602890
133820330
135858778
130985188
126987721
125745640
134420470
129880496
133460284
128795891
133405358
134090390
125420378
133950586
126031375
134301957
130592244
133722958
136610470
133452567
129426138
129857740
121518458
136218466
135965759
129702687
122836545
136136222
128506751
133912027
130492147
121944013
125725158
125801701
126785232
127468018
140568334
124806978
131812210
134112899
130868794
127210848
127861738
131492094
132390159
133162692
129042175
129690503
138858066
125898860
140613690
140590516
140591864
140683824
140538847
140629371
140222874
140498302
140602329
140596632
140579444
140644136
140565613
140566676
140590806
140528327
138638706
124136916
134563316
125926254
126565150
125618178
130693299
137182538
126136830
122805802
127443662
130207420
132511896
137408027
130375917
138380822
126498685
133508613
135699050
130357792
133407328
131466971
127913615
134415440
125027040
126790908
140423539
140453740
140460815
140498238
140536050
140482593
140545380
140496281
140515040
140508072
140536757
140504305
140237169
140465773
140448206
134670219
136418709
127031640
133608436
134755194
122084442
123075136
128339534
135271494
134387150
129306457
129438296
130615513
135331941
127374995
135721400
127468819
125992704
131343239
130877835
129019940
137278071
138390758
136441552
131193533
126221915
124158482
128843253
125494998
124166919
123412256
131762347
140475406
140397330
140398340
140351604
140370770
140385673
140525085
140341187
140445140
140206590
140153793
140069622
140208376
140435524
140297730
139047308
135837870
135427189
136063663
130853326
138235027
125696976
136152745
126586459
127621985
134680196
136749253
129530303
136130524
129239282
135770534
123190144
137149274
137076728
129468048
128792750
136989106
132803871
131766914
132989429
137345894
135004979
128259334
129902544
127988464
137434416
126941539
136837638
132059808
124063015
136692606
124182402
127348142
135106406
135332836
132580717
133645634
132052701
130644809
137125914
130228863
130838782
129359464
123713511
135312480
131070169
137136505
130176051
129432454
135828129
134747810
126802851
128512147
135415112
123666868
140269980
140312498
140300187
140319654
140327394
140338101
140329743
138335730
134699717
140268150
140210553
140267850
140297974
140255742
140331891
134876946
138265190
138787197
134279840
134012622
132406037
137788194
133615460
126235635
136475962
129441217
123250091
136550837
136932162
137507840
136100115
123675707
127564765
127188657
136634275
132389022
135374551
137078273
133926838
123020324
128007180
130472666
135948789
129495534
125550863
132569569
134560890
130208968
134233534
130482956
128969916
125938113
132624188
140231712
140240100
140291351
140311222
140241475
133873991
132173539
121613891
127060868
135070390
131070143
129714787
129295137
134295187
132950391
128651014
129526513
137702678
123857134
131983520
129354278
126692009
125111477
133942777
137089009
131179280
133478102
122877000
128216303
127468647
136664756
138444320
129231745
131033097
133386650
133596357
122128782
131737742
127933333
140210823
140148667
140216577
140160372
140227953
140142395
140175595
140211769
136147467
138101056
132470958
137925336
134003707
127443247
129950171
132924894
137078105
132484009
125532721
129191725
128989562
135675205
135161798
126751705
135896474
130277552
124174796
130967167
130447881
131510399
131852745
123705047
130413280
123849676
132104430
123783025
133259338
134447306
130942618
123560150
125507805
124912775
128149108
127846334
126092021
124166450
132423680
141065865
132070213
139106877
140520374
140590262
140558044
140188997
140591316
140663385
140566768
140556682
121867274
135736056
123554327
133842096
126696153
125824966
125962544
132920923
134414426
129809600
129824385
124003914
126391871
140426115
140485166
140524539
140532063
140467393
140476446
140472853
140473717
135338955
133058764
131726422
131168587
132733828
137512506
134735994
126938968
133403672
140719713
137265671
136090931
135088724
126451154
129859516
127680590
140420237
140411493
140149618
140111687
140415154
140384017
140431973
138286478
125331873
130989588
130139922
129994275
138083123
137973617
132161817
135910490
133340917
130181609
134397342
130799371
127744306
126882403
125290326
130702923
134740697
130918198
130943703
131461001
127183798
134535097
126886880
132702444
127297014
122319570
135817358
123177717
132312389
140263706
140333665
140328486
140304994
138823755
140250109
140263722
136194041
134700727
136817255
135102844
132402482
131428947
125558996
128632892
123531753
131321944
127722775
131174248
134462103
134543331
133561076
128752204
125231261
126775659
123632993
140205841
140271214
140192756
133944339
125035840
134670033
124007643
134977112
129081647
136857511
125312203
129819926
131366916
133835155
131922402
133471750
124718917
125083287
129846818
127866688
140218179
140193470
140130412
140154722
130040736
135652277
132074149
136178700
132471687
133337113
137051743
133565230
127534180
133103060
131563103
133784204
132220213
138408277
136434695
133212660
131010010
139088423
122275290
136318536
133542533
136281599
130445595
140603716
140577695
139864243
140561927
140591877
140571236
140673071
140598241
137498676
135434657
138633744
123688260
126016699
122126535
138266898
131474665
133004765
125497869
125316861
131165198
125451375
129073179
140524853
140430307
140510129
140391426
140418574
140545506
140478798
139628302
125755352
138078360
129880076
126151576
136336277
127632963
125839103
135963707
123745603
122167992
136027768
122417573
128065324
122263771
127138637
140166463
140407328
140380638
140415820
140410608
140405766
140269995
134698820
138446558
130839410
137098621
136599915
136359563
135392027
125544614
132497386
133185862
127631109
125673363
136066492
134857405
137210220
133132130
135294857
127689966
132001707
128748895
131610980
134405112
132048097
135360309
133980165
130486368
133042253
127681514
134127333
129503831
128084901
140359914
140370702
140336653
138764721
140296451
140237082
136170370
139816862
132075870
125504286
138980942
131144227
134306438
131047365
135827520
124326874
129640899
130607976
130187926
131987003
132769353
131445561
136224661
122361977
122051036
125856369
140213069
140267546
138837181
138514417
133208923
135954483
134779609
138111005
132782649
126466511
127653435
127002569
134835039
138571294
138896000
133025111
135694779
130053420
125405206
128904635
140241614
140267489
140091917
138650570
135119108
131797348
138934827
135035707
132081429
135881031
136397986
130368819
136567539
129028597
132467280
135329402
135809925
129065761
125230818
135240847
124741084
139423617
133403669
135308037
139447514
137352005
135360415
134063809