137664242
138223724
138964403
137566890
138935933
137922725
138968541
140433460
137393880
138913520
138367273
136682497
138997122
138963706
137394684
121867274
121980694
126585522
125487520
127984880
126336610
126589741
121983310
127370517
127314874
124101105
127063801
126894420
126866984
132595649
132821696
138389345
133647641
138519262
138223667
138257738
135019860
134019238
135434657
132872213
132595463
135423758
127355979
130542208
138650863
134500830
134474234
134379306
129717363
130630919
130861534
138021022
137650253
139176013
139133881
136881598
136958065
131302450
128788062
130324575
128744431
130185198
129936210
136527496
131739221
136068342
136359526
123367675
126506335
123359823
123207127
123084074
137294056
137273071
137260407
137152158
137133576
131594559
131494996
138633744
129844952
130504061
129476852
130544089
131618306
130749475
130106807
134198673
135037375
134922520
124357377
126282208
126565150
136467696
136467818
132409675
135292177
132590604
132396400
132364578
135100375
135532343
134517251
135297998
135224522
134303843
125618178
128276927
124279829
123118692
136228142
136110528
131503542
135752629
126162829
123688260
131280485
136058196
136527332
136509869
137054227
136294673
135727978
136370782
135838331
135803420
135568715
130693299
131723613
131699161
130690653
134805906
134805312
129977690
128988534
136675663
128915565
128913821
121998974
135750102
135798447
136852951
137398800
137398342
132968751
137393822
137321950
137265170
137548904
137182538
137793223
138588868
139171410
137085932
135914654
138551049
135754889
137393563
136065249
135871147
135717135
130727083
130284413
135736110
126016699
127037535
126073049
138483159
138431262
121775300
134420592
134346570
126136830
124984466
124178376
127396913
123142105
133193307
127864371
127494343
126429375
128498982
128439080
126700105
132326101
128480659
126341015
133502110
132469356
127032406
126869759
126469734
124403263
125330668
129807959
130759783
135896255
138655332
138571321
130761949